<?xml version="1.0"?>
<opencv_storage>
<colorCollection type_id="opencv-matrix">
  <rows>4</rows>
  <cols>4</cols>
  <dt>d</dt>
  <data>
    3.7398204306584659e-01 3.7398204306584659e-01 3.7398204306571570e-01
    -1.9275795409681566e+00 3.7642985682532532e-01
    3.7642985682532532e-01 3.7642985682537344e-01 7.1146423270882941e-01
    3.7226501818967256e-01 3.7226501818967256e-01 3.7226501819058055e-01
    1.3394823659470688e+01 0. 0. 0. 1.</data></colorCollection>
</opencv_storage>
