<?xml version="1.0"?>
<opencv_storage>
<colorCollection type_id="opencv-matrix">
  <rows>4</rows>
  <cols>4</cols>
  <dt>d</dt>
  <data>
    8.8371104132747930e-02 9.2201786936365993e-02 6.3545599866428160e-02
    1.1071474225992702e+02 1.4656013150342867e-02 2.2186854178319643e-01
    6.5859405100591711e-02 1.1758994488006527e+02 4.6439485226328833e-03
    8.7905043795629911e-02 2.0023419019264893e-01 1.2569662754362851e+02
    0. 0. 0. 1.</data></colorCollection>
</opencv_storage>
