<?xml version="1.0"?>
<opencv_storage>
<colorCollection type_id="opencv-matrix">
  <rows>4</rows>
  <cols>4</cols>
  <dt>d</dt>
  <data>
    1.7912465114753318e-01 6.1608847227401498e-01 3.0127878151778253e-01
    -6.0718408416532643e+00 9.0787246575688596e-02
    7.6386769237333108e-01 3.0896776722142050e-01
    -4.3062336199569486e+00 8.1153910817733807e-02
    6.0732102961675394e-01 4.2259793204622914e-01 1.6815604246187224e+01
    0. 0. 0. 1.</data></colorCollection>
</opencv_storage>
