<?xml version="1.0"?>
<opencv_storage>
<LookUpTable type_id="opencv-matrix">
  <rows>3</rows>
  <cols>256</cols>
  <dt>d</dt>
  <data>
    0. 1. 2. 3. 4. 5. 3.5347648261758692e+01 3.3294478527607360e+01
    3.5312883435582819e+01 3.5335378323108387e+01 3.5479550102249490e+01
    3.5998977505112471e+01 3.6350715746421265e+01 3.6876278118609406e+01
    3.7140081799591002e+01 3.7696319018404907e+01 3.6951942740286299e+01
    3.6655419222903888e+01 3.7150306748466257e+01 3.7304703476482615e+01
    3.6760736196319016e+01 3.7895705521472394e+01 3.8684049079754601e+01
    3.8885480572597139e+01 3.8751533742331290e+01 3.9244376278118608e+01
    4.0058282208588956e+01 4.0815950920245399e+01 4.0217791411042946e+01
    4.0579754601226995e+01 4.1433537832310840e+01 4.1531697341513294e+01
    4.2044989775051121e+01 4.2261758691206545e+01 4.3015337423312886e+01
    4.3956032719836401e+01 4.4028629856850714e+01 4.4787321063394685e+01
    4.5277096114519431e+01 4.5953987730061350e+01 4.5563394683026587e+01
    4.6184049079754601e+01 4.6511247443762784e+01 4.6859918200408998e+01
    4.7111451942740288e+01 4.7245398773006137e+01 4.7994887525562369e+01
    4.8387525562372190e+01 4.8990797546012267e+01 4.9774028629856851e+01
    5.0469325153374236e+01 5.1281186094069533e+01 5.1849693251533743e+01
    5.2534764826175866e+01 5.2925357873210636e+01 5.3402862985685069e+01
    5.3784253578732105e+01 5.4297546012269940e+01 5.4798568507157462e+01
    5.4622699386503065e+01 5.4839468302658489e+01 5.5640081799591002e+01
    5.5885480572597139e+01 5.6786298568507156e+01 5.6932515337423311e+01
    5.7723926380368098e+01 5.8304703476482615e+01 5.9098159509202453e+01
    6.0647239263803684e+01 6.1686094069529652e+01 6.1839468302658489e+01
    6.2952965235173821e+01 6.3797546012269940e+01 6.4581799591002039e+01
    6.6085889570552141e+01 6.6915132924335381e+01 6.7522494887525568e+01
    6.8451942740286299e+01 6.9793456032719831e+01 7.2506134969325160e+01
    7.2348670756646214e+01 7.3807770961145195e+01 7.4528629856850714e+01
    7.6094069529652359e+01 7.7672801635991817e+01 7.9279141104294482e+01
    7.9791411042944787e+01 8.2329243353783227e+01 8.3207566462167691e+01
    8.4347648261758692e+01 8.6323108384458081e+01 8.7693251533742327e+01
    8.9032719836400815e+01 9.0724948875255620e+01 9.2886503067484668e+01
    9.4513292433537828e+01 9.5116564417177912e+01 9.7114519427402868e+01
    9.8495910020449898e+01 1.0013905930470348e+02 1.0195910020449898e+02
    1.0369631901840491e+02 1.0362269938650307e+02 1.0638241308793457e+02
    1.0733026584867076e+02 1.0854192229038854e+02 1.1102760736196319e+02
    1.1241411042944786e+02 1.1367586912065440e+02 1.1538241308793457e+02
    1.1737627811860941e+02 1.1869938650306749e+02 1.1997443762781187e+02
    1.2249488752556238e+02 1.2332719836400818e+02 1.2547137014314929e+02
    1.2675357873210633e+02 1.2733946830265849e+02 1.2922392638036808e+02
    1.3076073619631902e+02 1.3112678936605317e+02 1.3355725971370143e+02
    1.3513701431492842e+02 1.3540695296523518e+02 1.3770245398773005e+02
    1.3792331288343559e+02 1.3923312883435582e+02 1.4082106339468302e+02
    1.4239468302658486e+02 1.4228732106339467e+02 1.4346728016359918e+02
    1.4469018404907976e+02 1.4666257668711657e+02 1.4784253578732105e+02
    1.4950613496932516e+02 1.5048057259713701e+02 1.5130674846625766e+02
    1.5312065439672801e+02 1.5412781186094068e+02 1.5534764826175868e+02
    1.5701329243353783e+02 1.5688650306748465e+02 1.5815541922290387e+02
    1.5903680981595093e+02 1.6002658486707566e+02 1.6127709611451942e+02
    1.6253680981595093e+02 1.6275460122699386e+02 1.6396421267893660e+02
    1.6519427402862985e+02 1.6591002044989776e+02 1.6691308793456034e+02
    1.6691615541922292e+02 1.6776278118609406e+02 1.6908895705521473e+02
    1.7002453987730061e+02 1.7087321063394683e+02 1.7197750511247443e+02
    1.7249591002044988e+02 1.7342433537832312e+02 1.7370961145194275e+02
    1.7515746421267895e+02 1.7608384458077708e+02 1.7697750511247443e+02
    1.7743558282208588e+02 1.7802147239263803e+02 1.7869631901840492e+02
    1.7980061349693253e+02 1.8024437627811861e+02 1.8171370143149284e+02
    1.8260633946830265e+02 1.8309202453987731e+02 1.8377709611451942e+02
    1.8447443762781185e+02 1.8495296523517382e+02 1.8562474437627813e+02
    1.8637321063394683e+02 1.8712474437627813e+02 1.8762678936605317e+02
    1.8826073619631902e+02 1.8829550102249488e+02 1.8936503067484662e+02
    1.8989059304703477e+02 1.9055010224948876e+02 1.9058895705521473e+02
    1.9168507157464214e+02 1.9266666666666666e+02 1.9380265848670757e+02
    1.9465132924335379e+02 1.9573006134969324e+02 1.9590899795501022e+02
    1.9647034764826176e+02 1.9828118609406954e+02 1.9920654396728017e+02
    2.0055521472392638e+02 2.0119836400817996e+02 2.0235378323108384e+02
    2.0283742331288343e+02 2.0398261758691206e+02 2.0484253578732105e+02
    2.0561042944785277e+02 2.0656850715746421e+02 2.0727505112474438e+02
    2.0812065439672801e+02 2.0953374233128835e+02 2.1057668711656441e+02
    2.1151635991820041e+02 2.1220143149284254e+02 2.1361349693251535e+02
    2.1385480572597137e+02 2.1444069529652353e+02 2.1481697341513294e+02
    2.1565541922290387e+02 2.1602760736196319e+02 2.1683128834355827e+02
    2.1773721881390594e+02 2.1752044989775052e+02 2.1810327198364007e+02
    2.1830163599182004e+02 2.1971165644171779e+02 2.2042638036809817e+02
    2.2053783231083844e+02 2.2138957055214723e+02 2.2205725971370143e+02
    2.2328220858895705e+02 2.2341002044989776e+02 2.2374437627811861e+02
    2.2487730061349694e+02 2.2571063394683026e+02 2.2578936605316974e+02
    2.2758384458077708e+02 2.2753680981595093e+02 2.2925766871165644e+02
    2.2871983640081800e+02 2.2889672801635993e+02 2.2937014314928425e+02
    2.2965541922290387e+02 2.3016359918200408e+02 2.3073619631901840e+02
    2.3088139059304703e+02 2.3108077709611453e+02 2.3197137014314927e+02
    2.3317689161554193e+02 2.3350511247443762e+02 2.3331697341513294e+02
    2.3409304703476482e+02 2.3599897750511246e+02 2.3606134969325154e+02
    2.3399182004089980e+02 2.3733844580777097e+02 2.4314928425357874e+02
    251. 252. 253. 254. 255. 0. 1. 2. 3. 4. 5. 2.5521472392638036e+00
    2.2914110429447851e+00 3.7157464212678937e+00 3.3323108384458076e+00
    3.8282208588957056e+00 4.0010224948875255e+00 5.3374233128834359e+00
    5.9294478527607364e+00 6.2955010224948875e+00 6.8169734151329244e+00
    7.3752556237218814e+00 7.0920245398773005e+00 8.9151329243353779e+00
    9.0695296523517381e+00 8.7546012269938647e+00 9.8895705521472390e+00
    1.0677914110429448e+01 1.0879345603271984e+01 1.0745398773006135e+01
    1.1238241308793455e+01 1.2052147239263803e+01 1.2809815950920246e+01
    1.3389570552147239e+01 1.3751533742331288e+01 1.5390593047034764e+01
    1.5488752556237220e+01 1.6251533742331290e+01 1.6370143149284253e+01
    1.7025562372188141e+01 1.7966257668711656e+01 1.8038854805725972e+01
    1.8797546012269940e+01 1.9549079754601227e+01 2.0291411042944784e+01
    2.1046012269938650e+01 2.1601226993865030e+01 2.2190184049079754e+01
    2.2669734151329244e+01 2.4131901840490798e+01 2.4903885480572598e+01
    2.5702453987730060e+01 2.6356850715746422e+01 2.7443762781186095e+01
    2.8229038854805726e+01 2.9305725971370144e+01 3.0276073619631902e+01
    3.0876278118609406e+01 3.1715746421267895e+01 3.2770961145194271e+01
    3.3256646216768914e+01 3.4414110429447852e+01 3.5091002044989779e+01
    3.6086912065439670e+01 3.7469325153374236e+01 3.8553169734151332e+01
    4.0458077709611452e+01 4.1629856850715747e+01 4.2694274028629856e+01
    4.3957055214723930e+01 4.4773006134969329e+01 4.5566462167689160e+01
    4.6417177914110432e+01 4.8440695296523515e+01 4.9829243353783234e+01
    5.1303680981595093e+01 5.2505112474437631e+01 5.4233128834355831e+01
    5.5511247443762784e+01 5.7875255623721884e+01 5.9336400817995909e+01
    6.0638036809815951e+01 6.1789366053169736e+01 6.3036809815950917e+01
