E:\VFX\panorama_pictures\camp2\img01.JPG
563 768

1 0 383.5 
0 1 281 
0 0 1 

0.998002 -0.000453865 0.0631831 
0.000452957 1 2.86083e-005 
-0.0631831 6.39459e-009 0.998002 

676.338

E:\VFX\panorama_pictures\camp2\img02.JPG
568 768

1 0 383.5 
0 1 283.5 
0 0 1 

0.998555 -0.0230225 0.0485652 
0.000931942 0.910889 0.41265 
-0.0537378 -0.412008 0.909594 

664.585

E:\VFX\panorama_pictures\camp2\img03.JPG
565 768

1 0 383.5 
0 1 282 
0 0 1 

0.99941 -0.0238739 0.0246906 
0.000794017 0.734764 0.678322 
-0.0343359 -0.677903 0.734349 

662.286

E:\VFX\panorama_pictures\camp2\img04.JPG
580 768

1 0 383.5 
0 1 289.5 
0 0 1 

0.99986 -0.0144963 0.00834672 
0.00022121 0.510393 0.859941 
-0.016726 -0.859819 0.510325 

660.213

E:\VFX\panorama_pictures\camp2\img05.JPG
571 768

1 0 383.5 
0 1 285 
0 0 1 

0.999927 -0.0118611 0.00233401 
0.000648743 0.245446 0.96941 
-0.012071 -0.969338 0.245435 

659.375

E:\VFX\panorama_pictures\camp2\img06.JPG
578 768

1 0 383.5 
0 1 288.5 
0 0 1 

0.999999 0.00132413 9.15478e-005 
0.000112138 -0.152958 0.988233 
0.00132263 -0.988232 -0.152958 

657.057

E:\VFX\panorama_pictures\camp2\img07.JPG
551 768

1 0 383.5 
0 1 275 
0 0 1 

0.999877 0.0133154 0.00833306 
-0.000806697 -0.486266 0.87381 
0.0156873 -0.873709 -0.486196 

654.658

E:\VFX\panorama_pictures\camp2\img08.JPG
551 768

1 0 383.5 
0 1 275 
0 0 1 

0.999833 0.0110558 0.0145916 
-0.000680214 -0.774064 0.633107 
0.0182944 -0.633011 -0.773927 

652.436

E:\VFX\panorama_pictures\camp2\img09.JPG
551 768

1 0 383.5 
0 1 275 
0 0 1 

0.999975 0.00225155 0.00674853 
-0.000188781 -0.939862 0.341555 
0.00711178 -0.341547 -0.939838 

655.081

E:\VFX\panorama_pictures\camp2\img10.JPG
551 768

1 0 383.5 
0 1 275 
0 0 1 

0.999449 0.00140878 0.0331745 
3.65146e-005 -0.999145 0.0413315 
0.0332044 -0.0413072 -0.998595 

658.795

E:\VFX\panorama_pictures\camp2\img11.JPG
551 768

1 0 383.5 
0 1 275 
0 0 1 

0.999461 -0.0091844 0.0315284 
0.000670194 -0.954189 -0.299203 
0.0328321 0.299063 -0.953669 

662.073

E:\VFX\panorama_pictures\camp2\img12.JPG
551 768

1 0 383.5 
0 1 275 
0 0 1 

0.999919 -0.00679545 0.0107587 
0.000904788 -0.805368 -0.592775 
0.0126929 0.592737 -0.805297 

664.221

E:\VFX\panorama_pictures\camp2\img13.JPG
551 768

1 0 383.5 
0 1 275 
0 0 1 

0.998702 -0.0448279 0.0241919 
0.000997536 -0.457617 -0.889149 
0.0509294 0.888019 -0.456978 

669.023

E:\VFX\panorama_pictures\camp2\img14.JPG
551 768

1 0 383.5 
0 1 275 
0 0 1 

0.998954 -0.0457252 0.000470494 
0.000495018 0.00052353 -1 
0.045725 0.998954 0.000545706 

672.6

E:\VFX\panorama_pictures\camp2\img15.JPG
551 768

1 0 383.5 
0 1 275 
0 0 1 

0.998689 -0.0471878 -0.0198672 
-0.000720277 0.375046 -0.927006 
0.0511945 0.925804 0.374521 

674.829

E:\VFX\panorama_pictures\camp2\img16.JPG
551 768

1 0 383.5 
0 1 275 
0 0 1 

0.997538 -0.044296 -0.0543762 
-0.000862392 0.767502 -0.641046 
0.0701296 0.639514 0.765574 

679.602

E:\VFX\panorama_pictures\camp2\img00.JPG
574 768

1 0 383.5 
0 1 286.5 
0 0 1 

0.998354 0.0280441 0.0500228 
-0.000506092 0.876547 -0.481316 
-0.0573454 0.480499 0.875119 

678.462

