E:\VFX\panorama_pictures\2\Img01.jpg
1296 1936

2 0 967.5 
0 2 647.5 
0 0 1 

0.999778 -0.0130813 0.0164954 
0.0130795 0.999915 0.000216031 
-0.0164968 4.91694e-008 0.999864 

753.845

E:\VFX\panorama_pictures\2\Img02.jpg
1296 1936

2 0 967.5 
0 2 647.5 
0 0 1 

0.999537 -0.0198918 0.0230368 
0.00690908 0.885411 0.464759 
-0.0296419 -0.464384 0.885138 

750.167

E:\VFX\panorama_pictures\2\Img03.jpg
1296 1936

2 0 967.5 
0 2 647.5 
0 0 1 

0.99941 -0.0343247 -0.000842146 
0.0228514 0.646644 0.76245 
-0.0256262 -0.762019 0.647047 

752.582

E:\VFX\panorama_pictures\2\Img04.jpg
1296 1936

2 0 967.5 
0 2 647.5 
0 0 1 

0.998804 -0.0469787 -0.0135077 
0.0232765 0.214095 0.976536 
-0.0429844 -0.975682 0.214932 

751.9

E:\VFX\panorama_pictures\2\Img05.jpg
1296 1936

2 0 967.5 
0 2 647.5 
0 0 1 

0.998987 -0.0385538 -0.0231969 
0.0198618 -0.0847427 0.996205 
-0.0403732 -0.995657 -0.0838909 

746.169

E:\VFX\panorama_pictures\2\Img06.jpg
1296 1936

2 0 967.5 
0 2 647.5 
0 0 1 

0.999052 -0.0341435 -0.0269811 
0.00971023 -0.429473 0.903027 
-0.0424202 -0.902434 -0.428735 

752.432

E:\VFX\panorama_pictures\2\Img07.jpg
1296 1936

2 0 967.5 
0 2 647.5 
0 0 1 

0.999306 -0.0182165 -0.0324874 
0.00856225 -0.736521 0.67636 
-0.0362486 -0.676169 -0.735854 

756.596

E:\VFX\panorama_pictures\2\Img08.jpg
1296 1936

2 0 967.5 
0 2 647.5 
0 0 1 

0.999363 -0.0148203 -0.0324647 
0.0015488 -0.890826 0.454343 
-0.0356539 -0.454104 -0.890235 

751.856

E:\VFX\panorama_pictures\2\Img09.jpg
1296 1936

2 0 967.5 
0 2 647.5 
0 0 1 

0.999071 0.0161915 -0.0399249 
0.0193707 -0.996561 0.0805718 
-0.038483 -0.0812704 -0.995949 

756.721

E:\VFX\panorama_pictures\2\Img10.jpg
1296 1936

2 0 967.5 
0 2 647.5 
0 0 1 

0.999679 0.0165511 -0.0191666 
0.0145903 -0.995052 -0.0982762 
-0.0206983 0.097965 -0.994975 

758.876

E:\VFX\panorama_pictures\2\Img11.jpg
1296 1936

2 0 967.5 
0 2 647.5 
0 0 1 

0.999666 0.0167494 -0.0196593 
0.00807672 -0.925757 -0.378033 
-0.0245316 0.377748 -0.925583 

759.305

E:\VFX\panorama_pictures\2\Img12.jpg
1296 1936

2 0 967.5 
0 2 647.5 
0 0 1 

0.999263 0.036915 -0.0104994 
0.0198823 -0.731919 -0.681102 
-0.0328276 0.680391 -0.732114 

756.159

E:\VFX\panorama_pictures\2\Img13.jpg
1296 1936

2 0 967.5 
0 2 647.5 
0 0 1 

0.999669 0.0249319 -0.00631399 
0.00748265 -0.516823 -0.85606 
-0.0246064 0.85573 -0.516838 

751.679

E:\VFX\panorama_pictures\2\Img14.jpg
1296 1936

2 0 967.5 
0 2 647.5 
0 0 1 

0.999632 0.0246805 0.0112194 
0.0139004 -0.111291 -0.993691 
-0.0232762 0.993482 -0.111593 

751.745

E:\VFX\panorama_pictures\2\Img15.jpg
1296 1936

2 0 967.5 
0 2 647.5 
0 0 1 

0.999535 0.0177488 0.0248075 
0.0200693 0.229793 -0.973033 
-0.0229707 0.973078 0.22933 

757.346

E:\VFX\panorama_pictures\2\Img16.jpg
1296 1936

2 0 967.5 
0 2 647.5 
0 0 1 

0.99969 0.000600738 0.0248948 
0.0169311 0.716689 -0.697188 
-0.0182606 0.697393 0.716456 

759.032

E:\VFX\panorama_pictures\2\Img00.jpg
1296 1936

2 0 967.5 
0 2 647.5 
0 0 1 

0.999448 -0.00710171 0.0324423 
0.021755 0.878099 -0.477984 
-0.0250931 0.478426 0.877769 

753.791

